64496;00168612;5028.0;99631749668
59997;00121627;5570.0;99631749668
43844;00126908;2090.0;99628613573
58100;00239106;11052.0;99577978423
7358;00149212;-1781.0;99500522214
10313;00166155;-1793.0;99199063719
71590;00238893;16732.0;99193453054
2546;00157287;-49.0;98924189467
52559;00212698;-349.0;98812685513
89813;00123050;2626.0;98812685513
45696;00147131;-73.0;98799793924
31961;00108477;7941.0;98293962723
87400;00126533;2974.0;98219571610
16055;00175074;-1951.0;98158861919
23148;00134578;5862.0;98109227382
99566;00117558;711.0;97993587004
68689;00103953;12417.0;97993587004
96057;00105541;1946.0;97643058855
34080;00164986;16235.0;97589028815
61832;00174532;7534.0;97460263198
55214;00168761;3172.0;97460263198
50121;00276132;2913.0;97205681161
94924;00146409;3357.0;97066496093
31989;00267594;-172.0;97036136067
56778;00181182;4714.0;97036136067
72415;00161359;8717.0;96971356452
85725;00288436;-1938.0;96800035381
20366;00111472;8502.0;96766526656
30464;00167148;7093.0;96527748058
37001;00157682;13209.0;96527748058
33841;00232978;6977.0;96459913542
85463;00299885;463.0;96312786456
91355;00183928;16336.0;96271915522
22881;00280159;-2662.0;96232594431
94456;00149320;13171.0;96120476305
17883;00167988;10754.0;96036190514
24796;00228925;-890.0;95967441171
81018;00125496;9774.0;95925831635
21946;00192716;15591.0;95740226142
27558;00118816;-1609.0;95337797574
83555;00189512;1598.0;95317615490
78592;00170528;16669.0;95186423659
28955;00106446;15030.0;95106629198
7096;00228438;10684.0;94845202362
84088;00266632;-2450.0;94524749804
76108;00234331;4564.0;94524749804
80409;00231629;4705.0;94524749804
60063;00175096;5477.0;94106793367
30292;00163795;5453.0;94056244112
62728;00109077;9825.0;94056244112
79196;00179720;16069.0;94053984187
72589;00129639;3544.0;94015383239
95803;00142508;6149.0;93885900183
68694;00280947;-548.0;93806519950
14469;00194072;1237.0;93806519950
36949;00115402;4473.0;93788211124
91185;00132087;-2026.0;93732967279
4870;00183098;13418.0;93654623582
19115;00259031;-597.0;93611792104
80012;00127675;16897.0;93539358537
69496;00242263;5222.0;93491688881
9009;00102985;1271.0;93486006578
34531;00236466;187.0;93466512191
96123;00211213;136.0;93367443736
19060;00146651;-590.0;93341277990
98011;00190825;16912.0;93193509728
49162;00206359;2541.0;92726036630
28046;00192277;14252.0;92628919458
76707;00193985;-748.0;92625714989
94667;00159455;3931.0;92596839181
1060;00105946;13364.0;92596839181
14429;00166675;-597.0;92411864434
79484;00127110;1414.0;92400802792
20603;00243071;8458.0;92380393876
71317;00167520;15798.0;92061816344
88913;00274642;-2195.0;91827741159
10520;00221566;4274.0;91804529384
54687;00254113;7235.0;91778464705
98997;00222290;-2697.0;91769922903
98612;00218955;8765.0;91755034758
46289;00158279;8842.0;91602777311
6983;00229375;2916.0;91122475668
2765;00249334;13751.0;91056264420
83893;00191969;7815.0;91056264420
41943;00212034;10823.0;91049910068
83170;00283946;6591.0;90982967787
13397;00203006;3455.0;90929741727
33646;00203109;10012.0;90626839256
2733;00123313;6135.0;90580049554
38373;00205444;10754.0;90330288374
80722;00203208;4738.0;90312447832
27262;00239711;7363.0;90164705004
76733;00146274;11637.0;90114290161
33536;00212200;-1356.0;90095652029
56198;00179415;11731.0;90037985566
41443;00164278;4515.0;90028889649
17542;00124948;8488.0;89948729692
58757;00166154;2807.0;89946046576
18332;00203983;3665.0;89851141253
33460;00122416;8624.0;89851141253
57034;00121619;6982.0;89830082906
99039;00141435;1164.0;89727461326
26822;00190547;324.0;89651266937
73525;00105170;8900.0;89591759077
54295;00102784;15654.0;89287045131
32871;00211544;14462.0;89271874578
8203;00146873;16699.0;89271874578
14591;00216600;14063.0;89250868460
13158;00124309;16289.0;89234461586
81411;00276476;16089.0;89196932262
80143;00286082;8331.0;89170710399
51996;00168099;-997.0;89104123470
16945;00121657;8995.0;88898199666
16924;00278108;3498.0;88554405187
19263;00261726;-2983.0;88547937341
43830;00180712;11974.0;88541957987
21636;00176066;9381.0;88475653481
36580;00161633;2999.0;88437394367
33826;00140757;2900.0;88386518870
72212;00225987;9626.0;88322208110
74831;00186972;-1341.0;88199138281
72875;00118920;10235.0;88162307191
21981;00157116;13323.0;88044080065
14933;00246090;3251.0;87927052684
94519;00159737;12034.0;87831777002
89036;00169147;13444.0;87762351521
39533;00176035;14465.0;87696510149
15471;00136597;20.0;87433362200
50696;00126911;15328.0;87433362200
72609;00152396;6033.0;87398750577
65084;00158689;-1231.0;87311546156
49574;00143059;-600.0;87232161215
76784;00223371;5430.0;87206066333
7115;00131396;10115.0;87206066333
9781;00169274;4205.0;86988221720
81485;00104202;-607.0;86988221720
11600;00184743;15.0;86820050104
64551;00109631;8478.0;86704270504
52442;00196809;-2965.0;86507319010
90622;00173977;3327.0;86402545980
67601;00120289;8116.0;86402545980
40707;00268198;13290.0;86385408889
25805;00287690;4411.0;86289542867
868;00128778;5228.0;86096030131
37451;00151563;8869.0;86062474059
40239;00146903;8918.0;86023534615
59323;00180871;12104.0;85954635960
15777;00227154;1637.0;85741075505
66319;00156104;-466.0;85741075505
20477;00208360;10653.0;85647778188
56394;00178309;-91.0;85647778188
43960;00127706;1564.0;85640216612
42175;00195257;7721.0;85557944352
61001;00108005;12452.0;85557361005
73465;00170022;5949.0;85377823185
98533;00101917;16131.0;85357474736
10226;00159393;3819.0;85314732594
36053;00116271;3959.0;85268985189
29345;00102461;10279.0;85268985189
68312;00283943;10124.0;85225680901
97433;00264225;6761.0;85225680901
65991;00131214;15043.0;85171450932
10763;00149060;1251.0;85144823601
63996;00217292;3373.0;85127454405
83922;00120901;1193.0;85127454405
24052;00280042;6269.0;84984423145
48007;00236073;15312.0;84906120421
12705;00161482;12430.0;84867685094
47237;00130918;9847.0;84749740042
83863;00223717;-685.0;84426026522
27999;00209733;16274.0;84257089215
91748;00268525;16168.0;83852234112
79959;00234531;10228.0;83598373753
52614;00107629;-156.0;83569429833
10951;00284027;8116.0;83325522878
16236;00105417;8111.0;83213058195
99150;00184248;-1033.0;83102267544
59461;00199165;-2069.0;83040949698
89041;00195982;6476.0;83005030858
18901;00105658;-2251.0;83005030858
26629;00122435;11458.0;83001644763
8881;00117523;15619.0;83001644763
72743;00151190;766.0;82892633257
16;00299279;176.0;82807219542
93696;00148928;494.0;82697173015
57911;00110612;15360.0;82648489315
76940;00108849;7209.0;82526966754
30223;00147316;-2109.0;82407839052
52905;00252158;15221.0;82257808929
97959;00116477;16298.0;82055363464
3717;00117481;12080.0;81917965208
5207;00195644;15654.0;81663273578
52896;00121834;307.0;81548922110
77730;00106761;7926.0;81357562190
32131;00251506;9837.0;81259239562
90737;00149425;-2124.0;81259239562
82384;00124311;295.0;81113445126
41671;00118317;6676.0;80990678538
93677;00115885;8770.0;80988483101
24984;00236863;-269.0;80952162264
66096;00156398;16552.0;80952162264
5246;00216785;1730.0;80850876881
84323;00157707;8154.0;80762123766
52063;00251296;1364.0;80737444814
16152;00193197;13601.0;80482263030
27845;00263163;16970.0;80393414103
23524;00182028;-2701.0;79991738481
56142;00160004;12804.0;79991738481
76471;00176267;6528.0;79918979083
1792;00135408;14114.0;79843913041
73980;00297302;6234.0;79776594838
99661;00174079;4037.0;79776594838
1647;00156585;12912.0;79609298382
2929;00165841;14510.0;79405402196
64120;00243138;15500.0;79393824295
40423;00218388;216.0;79393824295
25838;00155975;-203.0;79209078533
96296;00119234;9724.0;79209078533
18155;00102244;7604.0;79209078533
44286;00167587;16928.0;79181542508
17491;00266106;11158.0;79007155364
11742;00235622;15542.0;78957023042
48046;00146438;7949.0;78926754699
51951;00117887;-2504.0;78890374983
67831;00299518;-1175.0;78753656499
70464;00297594;2134.0;78696464407
41443;00143498;15978.0;78696464407
33718;00117130;4970.0;78696464407
31390;00130625;16244.0;78656827608
43629;00119578;11133.0;78573401574
46380;00184646;11672.0;78498923871
30820;00106935;5475.0;78204003991
90687;00160642;268.0;78182164057
55193;00260411;2322.0;78151603317
37226;00171689;15088.0;78042497849
53857;00172780;12085.0;77793573263
62602;00136401;15358.0;77676371538
19370;00161648;4603.0;77616828996
28947;00270530;1129.0;77534450907
37914;00150221;2417.0;77534450907
98664;00101285;8548.0;77356805211
402;00186263;3382.0;77323552544
76008;00100008;-2671.0;77094791640
19319;00169308;14442.0;76947826304
39496;00166395;10199.0;76610505462
70777;00210686;6874.0;76346326645
7552;00247225;5149.0;76190044202
53291;00169431;411.0;76190044202
13085;00116908;2689.0;76190044202
32898;00184392;16008.0;76096768622
52666;00147441;5079.0;76014373257
39866;00107349;11123.0;76014373257
77613;00141902;1933.0;75959178479
40953;00138137;2663.0;75959178479
73457;00220920;7209.0;75938597673
1777;00100295;1493.0;75935557824
79645;00121249;13076.0;75614676231
91819;00260701;9675.0;75564524282
70633;00176445;15324.0;75564524282
21340;00228351;3072.0;75519132464
95437;00232517;-2791.0;75386761463
23276;00253450;-2642.0;75215233429
59586;00129543;6631.0;74904185128
39227;00121509;11114.0;74904185128
19326;00206266;6497.0;74759792317
80459;00122533;10144.0;74721608255
67037;00186392;3622.0;74696461329
52820;00217159;2718.0;74597288684
88735;00154189;10939.0;74471937122
55850;00285270;14267.0;74374972181
26802;00291263;6110.0;74293823456
83026;00101129;4742.0;74138920879
37228;00137566;3339.0;74090716010
48011;00191372;7135.0;73953875553
64600;00185860;9485.0;73723847511
49679;00268956;-1430.0;73413332084
87063;00170044;4177.0;73347874815
92291;00140926;4961.0;73244989935
90872;00176724;10306.0;73212667973
46422;00111870;2077.0;73183158742
84260;00272922;3230.0;73165402542
53491;00148478;16414.0;73165402542
33301;00168301;4474.0;73060314944
7880;00182622;2477.0;72995703796
88955;00170965;12273.0;72841483394
96199;00227388;6737.0;72806103887
17569;00207319;4323.0;72806103887
11499;00196531;6557.0;72806103887
55319;00159894;16777.0;72806103887
94121;00178032;16524.0;72687281512
91290;00148338;1300.0;72687281512
48106;00127952;4418.0;72687281512
20857;00105602;9619.0;72687281512
7322;00166107;-1953.0;72678050811
14418;00153977;-2250.0;72589061704
71231;00196733;15302.0;72380850354
43352;00152433;3322.0;72380850354
66699;00136636;10232.0;72369932816
74669;00191143;13534.0;72317684408
25068;00294222;4113.0;72194396105
3903;00146848;4310.0;72095412664
99553;00127100;12800.0;72069979991
28027;00271821;16771.0;72043082307
44750;00159501;10335.0;72043082307
97518;00121582;872.0;71771198362
70043;00270589;15340.0;71767934335
5682;00147529;-454.0;71502287774
7020;00110874;11082.0;71282212466
8755;00246665;2682.0;71155836098
36573;00152102;16258.0;71142156608
80503;00146622;10735.0;70883185294
87071;00107624;14894.0;70729901986
92605;00163807;12810.0;70668087751
87611;00220051;14364.0;70626232096
86312;00286991;13132.0;70503474271
39371;00155358;-2974.0;70503474271
47669;00201186;7098.0;70176033206
65495;00195531;-1726.0;69994317386
54389;00154597;8356.0;69888988011
22694;00142122;10100.0;69888988011
77389;00182052;1715.0;69571806208
99354;00143460;13750.0;69558069131
41754;00221540;-361.0;69523600848
68755;00186353;10023.0;69448110876
63636;00298135;3652.0;69408875781
40817;00263565;-230.0;69318617930
58882;00159716;-819.0;69018562267
41632;00169673;15609.0;68658155283
48123;00115218;3620.0;68472862614
1805;00280200;-1772.0;68409359515
94555;00296663;15910.0;68280271990
50207;00145947;16228.0;68257838785
38658;00179608;2110.0;68226681111
98055;00109767;16209.0;68107322224
50741;00127426;10397.0;68052965985
57239;00186594;8600.0;67998617803
29615;00187674;6843.0;67802371103
81070;00288483;7233.0;67762106042
94591;00159470;12434.0;67742648813
3504;00206145;-1126.0;67502513814
14496;00146897;1606.0;67481612384
3352;00171771;-2808.0;67412938708
59736;00119716;9392.0;67317837577
97726;00121679;3517.0;67029633309
32278;00228575;1724.0;67024795423
80134;00180847;8122.0;67024795423
70961;00164501;15554.0;67024795423
93208;00173083;8108.0;66958776649
22223;00262341;15050.0;66952728198
25193;00276391;1523.0;66931911719
36385;00159499;-2311.0;66869837067
35871;00268793;5903.0;66854979400
20913;00258127;-397.0;66843432775
73138;00104209;11004.0;66530373359
70146;00167087;3485.0;66347366487
38179;00257470;236.0;66064198319
55255;00158358;7859.0;66017034029
39780;00219776;6870.0;65944226888
3221;00166386;11423.0;65848158868
37580;00145467;14484.0;65746149912
2589;00104337;10402.0;65590068338
67575;00239932;16324.0;65584312850
82365;00194670;5551.0;65584312850
74804;00185957;11403.0;65584312850
65078;00114021;-2080.0;65422688445
19769;00186094;6768.0;65333749736
60425;00176138;960.0;65333749736
20045;00154791;10730.0;65333749736
1369;00129820;14580.0;65028661384
43568;00118578;15918.0;65028661384
73076;00120547;-914.0;64909867121
25688;00185786;4524.0;64882259247
99101;00166777;13149.0;64882259247
70801;00213939;8405.0;64874283857
11967;00174301;2399.0;64831359185
36549;00119700;8519.0;64831359185
33753;00263699;16179.0;64793681214
27960;00289247;8388.0;64536157881
27742;00198529;571.0;64340292998
30498;00181369;9885.0;64340292998
87412;00164499;10375.0;64134624479
9784;00153048;4449.0;64011277848
59811;00187132;13697.0;63924324344
2182;00208550;11278.0;63908514334
22454;00155536;8302.0;63665128658
33567;00111515;1383.0;63623853210
40895;00168850;2276.0;63610058161
4649;00280257;4854.0;63488182066
25410;00246025;123.0;63184085466
16440;00135993;-87.0;62984099248
68694;00104306;10181.0;62956777096
82076;00285384;16878.0;62631694493
2273;00143601;6776.0;62631694493
67679;00104502;12960.0;62244349033
84365;00251786;5308.0;62150572007
88675;00134874;14152.0;62040872070
38475;00186033;5160.0;61128369623
37135;00116063;1956.0;61019087462
3031;00273247;16603.0;60853594910
26840;00293181;4924.0;60842046149
31207;00177590;2655.0;60842046149
87061;00110522;15548.0;60804176404
7394;00201600;10857.0;60785332436
10339;00134733;10579.0;60785332436
85127;00141256;11063.0;60606245478
97160;00202527;-411.0;60391363640
72545;00130210;1439.0;60348391852
38491;00249149;14823.0;60280124589
98197;00118508;5322.0;60241885215
64313;00178400;15014.0;60152569446
78033;00178611;13668.0;60077828213
90192;00115498;1204.0;60032875677
59987;00108055;5870.0;59962444468
94044;00197143;13397.0;59623591572
45086;00142726;-2892.0;59540662563
84893;00141196;8447.0;59412091938
23979;00147414;4935.0;59275475156
85909;00156553;15259.0;59265752772
50728;00157801;2080.0;59120758006
91571;00196667;3088.0;58791017497
65670;00221166;13788.0;58781935259
78236;00175299;5829.0;58666636978
64499;00182250;2541.0;58460627520
63613;00135186;6815.0;58434315439
56961;00293455;8651.0;58309351430
21145;00257839;6494.0;58309351430
24673;00219409;2362.0;58224161124
30250;00177283;2868.0;57994452679
41010;00141615;10952.0;57994452679
84189;00120926;14378.0;57866774366
83803;00271143;16106.0;57581212852
6791;00251956;8892.0;57337730946
82001;00158703;9215.0;57328163854
12030;00107522;2333.0;57012416035
35934;00253883;12945.0;57004422656
23425;00132649;13080.0;56863390592
49002;00151037;8784.0;56520352383
44767;00173499;9211.0;56170169207
72087;00123974;7701.0;56122176102
11572;00100071;3926.0;56035461262
77883;00176138;4735.0;55883017452
13544;00199110;7047.0;55794535848
10498;00212848;8674.0;55722753015
89111;00106271;5367.0;55681827802
36707;00254916;16128.0;55583048360
54311;00161687;1774.0;55583048360
41094;00208318;1430.0;55505365934
30380;00287376;8186.0;55425479661
91199;00164785;14822.0;55422882021
62623;00147217;14002.0;55422882021
19215;00176623;16493.0;55397667441
70429;00120066;6073.0;55386355937
77336;00210153;4928.0;55137253241
56715;00149372;2377.0;55137253241
33324;00148107;4870.0;55137253241
50426;00140838;16759.0;55137253241
7859;00173542;-1706.0;54967503028
46686;00191335;1966.0;54830568472
1445;00189041;9008.0;54830568472
70797;00141660;1183.0;54830568472
24036;00203755;10791.0;54570059351
51734;00116115;-2513.0;54346100444
84846;00112760;189.0;54027914077
20179;00193221;8449.0;53876411394
41428;00254131;11256.0;53761893805
7619;00246399;5274.0;53752551209
89620;00199864;11940.0;53669301249
83429;00290087;4033.0;53651018183
72306;00185841;8038.0;53555234542
40040;00194450;15537.0;53068048243
53038;00157180;14269.0;53068048243
33867;00294975;2588.0;53012473778
87333;00176868;-1763.0;52990190093
63149;00222749;-1481.0;52982655772
34849;00148626;535.0;52975397304
20270;00292646;8114.0;52922045072
52999;00139178;1010.0;52807260174
3650;00192259;7676.0;52740593670
45984;00187318;6630.0;52735287637
81060;00176786;6533.0;52663234637
98990;00154576;4809.0;52475528628
72186;00200143;14448.0;52246265395
95103;00140261;2455.0;52214759430
74911;00198572;9329.0;52211464008
87499;00104693;3568.0;52211464008
19945;00280566;8673.0;52029881174
77377;00247655;4002.0;52029881174
19470;00194522;11561.0;51272649957
47309;00149991;6558.0;51206034914
92312;00174431;3924.0;50769143232
92329;00126909;10156.0;50487971824
67312;00124831;13488.0;50482949372
71761;00172105;5377.0;50339075910
33801;00140954;10675.0;50285143825
7841;00204605;5038.0;49911851216
66856;00108988;5491.0;49858738607
48245;00159641;12470.0;49674955566
36555;00173712;11027.0;49661757316
2123;00254314;5622.0;49613189494
12325;00105545;12433.0;49572170784
1024;00127998;-2953.0;49538081261
35938;00232587;3007.0;49390887313
52832;00172473;106.0;49390887313
85427;00121959;4879.0;49369194950
93622;00178840;12733.0;49332530681
11538;00139752;16664.0;49183210443
58505;00147428;-2692.0;49094307890
15610;00287002;-2789.0;49033466964
98020;00191137;5808.0;49033466964
4886;00128614;3828.0;49033466964
8300;00126453;8326.0;48947989382
79039;00169002;5027.0;48867692072
24802;00254677;5901.0;48641009623
50780;00201176;3528.0;48621808780
6795;00121696;14980.0;48621808780
50278;00114231;14522.0;48621808780
4077;00246608;16245.0;48584035353
40052;00287881;9637.0;48383226181
27767;00260397;11931.0;48316137571
14002;00168784;6237.0;48316137571
215;00144913;12218.0;48249505550
77779;00185468;13653.0;48170150385
54570;00132079;-841.0;48079314996
21811;00197345;-941.0;47972384885
40394;00244281;3945.0;47620957347
13319;00163246;10860.0;47586072965
20437;00107337;6522.0;47328799825
9296;00263088;2846.0;47106209541
20988;00116399;3782.0;47106209541
53192;00270683;2558.0;47054394158
82425;00268430;610.0;47054394158
16960;00179375;4959.0;47054394158
72300;00102497;14390.0;47054394158
82252;00156687;-136.0;47053784479
75053;00190292;-2769.0;46949702694
71471;00147668;5838.0;46829793536
19659;00184224;1820.0;46606466450
13694;00165972;-825.0;46596569828
6098;00115508;-2663.0;46576492486
50867;00145633;11870.0;46474671088
47131;00141137;15521.0;46429716978
52073;00296682;6173.0;46404767793
60982;00141269;-122.0;46389838097
83119;00126128;15429.0;46384934296
16041;00183523;-839.0;46311356143
56140;00287377;12626.0;46279565761
63467;00122175;6601.0;46227013069
49952;00224001;10451.0;46081811638
21380;00164508;2924.0;45961361262
40448;00283392;12965.0;45905705907
15012;00110279;442.0;45893777709
53128;00181593;-431.0;45876743866
82209;00130384;15989.0;45876743866
9491;00170549;-2702.0;45840873905
87929;00182509;-1680.0;45457754613
21066;00141012;16739.0;45427895774
73342;00188738;6267.0;45316583541
32977;00258056;-2489.0;45250200784
86121;00170790;9369.0;45234445251
32669;00143659;10800.0;45234445251
10468;00244015;6390.0;44688851189
29744;00164164;7700.0;44670416023
84617;00104021;16441.0;44457263438
44111;00131019;4816.0;44361921865
14661;00120767;4038.0;44237491549
8284;00278557;2357.0;44075603742
64938;00155245;-1853.0;44054079703
597;00105646;4386.0;43962075892
18791;00189395;8712.0;43957208717
14532;00137469;2932.0;43957208717
8250;00128818;5289.0;43957208717
71315;00109855;13792.0;43957208717
78503;00100518;3021.0;43957208717
60975;00154096;605.0;43487954367
32943;00297491;3039.0;43462952386
84421;00165008;410.0;43209443619
33505;00142274;-2541.0;43136413627
76073;00272665;11803.0;43034282386
13737;00197958;16629.0;43003039807
34601;00131159;1348.0;42929771899
32152;00170443;9369.0;42812270043
77389;00124777;2515.0;42787581383
40725;00107699;9985.0;42744885283
9826;00194161;7194.0;42721142401
37364;00160327;7084.0;42520399045
89278;00176462;13545.0;42508573731
99954;00132075;5710.0;42271855960
2480;00152684;14914.0;42259932510
54325;00139579;6242.0;42227106084
35920;00189061;8112.0;42224360799
41558;00249643;-1608.0;42210165412
36275;00294041;5499.0;42153740172
31023;00233604;13986.0;42153740172
46344;00145593;9894.0;42153740172
16081;00142518;14240.0;42025026352
79141;00105180;-2811.0;41968676934
63805;00169964;14561.0;41638508502
31082;00152923;1050.0;41547489435
33596;00113208;132.0;41519561939
6078;00188343;-1435.0;41255462323
45096;00151550;6968.0;41255462323
74582;00100202;-1377.0;41231799015
79282;00197466;6106.0;41220746072
69672;00165201;-2894.0;41154082065
16601;00186926;6429.0;41061830287
34484;00149695;8926.0;41061830287
89365;00224042;16807.0;40962615348
21161;00245800;9547.0;40803089569
62038;00100412;12093.0;40467865450
1444;00207907;16279.0;40292343191
23839;00141683;8868.0;40218643940
40272;00131630;15405.0;40218643940
27866;00125582;8013.0;40218643940
36877;00129907;14527.0;39829702579
6424;00284031;3248.0;39813810071
22240;00259842;-2692.0;39708404708
26886;00199634;9380.0;39671490926
70416;00228779;7309.0;39651478282
19294;00253410;14709.0;39571727260
10209;00191532;6485.0;39569931645
38632;00196398;7137.0;39561379896
14975;00282649;6513.0;39526601231
26051;00245202;12580.0;39489648946
33853;00134147;-2525.0;39453353445
32712;00215568;-1163.0;39137107882
55093;00234205;15864.0;38967371169
71132;00291325;-528.0;38831750798
45663;00151994;3593.0;38831750798
91217;00154318;10867.0;38737847229
58951;00148499;12384.0;38518686905
94906;00233462;6345.0;38387491544
12533;00105874;5336.0;38283194997
48126;00191848;8735.0;38171775856
39759;00253262;15782.0;38028497577
91603;00159385;9904.0;37914444796
87756;00184071;12618.0;37745071583
67917;00109156;4694.0;37745071583
71047;00115491;16071.0;37665331880
14343;00240656;2054.0;37522275162
42999;00143081;8131.0;37471813013
8262;00118652;14295.0;37187482589
77725;00162644;10323.0;37014674859
10128;00151625;16020.0;36744549882
45503;00132620;13392.0;36744549882
57405;00145132;3249.0;36556172861
33720;00164993;8084.0;36509271466
11482;00151005;-1780.0;36347271062
1749;00298947;2454.0;36068883906
63478;00295263;10498.0;36068883906
26048;00122364;11366.0;35960567726
45481;00192514;8821.0;35772385922
16383;00105909;-338.0;35772385922
13706;00160132;630.0;35771385406
76380;00157198;3324.0;35771385406
47292;00133314;13748.0;35524675934
65038;00127018;10798.0;35444401594
53596;00290475;167.0;35369153522
52242;00261695;1602.0;35290985281
83282;00118757;13386.0;35263326187
80462;00290257;-470.0;35125046971
83655;00240968;7765.0;35023693799
95732;00283865;12116.0;34994712825
34457;00130787;-635.0;34386750955
26164;00146811;11748.0;34317485924
74408;00178316;6490.0;34257736605
62868;00154656;1137.0;34256072014
29160;00221830;16403.0;34193808255
78123;00189075;2499.0;34054062890
93928;00119677;9823.0;33976400449
25140;00150308;13009.0;33938926054
55260;00205745;3693.0;33917417396
80284;00189900;10874.0;33812378466
59657;00110689;11726.0;33730954001
68073;00211605;-1383.0;33395939389
52418;00148138;4565.0;33384414501
50313;00187417;3329.0;33374856304
24847;00168854;10108.0;33374856304
66862;00261845;-2690.0;33365303823
84935;00139399;11424.0;33365303823
61571;00194605;16847.0;33151294474
62002;00160810;1382.0;33076710439
48427;00289366;12935.0;33019938166
61120;00182846;15152.0;33019938166
9980;00138465;14753.0;32942562750
46301;00174631;12454.0;32913171710
779;00249053;596.0;32840146407
56286;00175802;11090.0;32712571053
67535;00151708;15623.0;32480875603
69077;00138497;14563.0;32256260265
59418;00156702;6305.0;32150696701
40556;00164532;14731.0;32065683542
25750;00111303;9585.0;32065683542
34719;00222821;15745.0;32014268737
31651;00280758;6697.0;32008038151
5401;00117520;12350.0;32008038151
91181;00142508;-111.0;32004790643
36520;00103443;2763.0;31997590075
46656;00145879;-2331.0;31992675677
19513;00168821;15663.0;31774047591
50775;00233675;16445.0;31378763556
15981;00294440;4188.0;31376738381
560;00160253;2836.0;31376738381
10513;00137450;-2943.0;31362802880
62217;00170181;10724.0;31355011535
51327;00107307;11044.0;31339942831
16822;00289289;4954.0;31156586310
21759;00190208;-1291.0;31156586310
99997;00221496;8351.0;30990969339
7482;00100233;4746.0;30864487726
86952;00154376;13828.0;30656196619
37073;00243341;8272.0;30611123770
56549;00159508;8771.0;30510533036
48399;00159785;15159.0;30310482530
1722;00243352;12733.0;30160762912
78524;00143841;15298.0;30158875851
46409;00110399;-2031.0;30138871427
53984;00110271;13122.0;30136470655
13840;00137836;11352.0;29956329373
16240;00289753;-1055.0;29867628506
39745;00257085;9538.0;29551447645
32989;00173095;13138.0;29426905461
46860;00139110;5311.0;29170659608
17248;00111906;1621.0;29093789549
53645;00132531;13569.0;29030720391
8724;00137988;11559.0;28983814326
45961;00205943;3602.0;28961343531
63861;00278289;13324.0;28872904007
6480;00181360;-135.0;28872904007
93443;00103622;4655.0;28812892264
46631;00167546;10588.0;28686419948
27948;00100241;10379.0;28686419948
60994;00252724;10883.0;28381909642
73235;00116024;3741.0;28122927834
30413;00226658;7971.0;27442907862
27470;00126266;-1188.0;27410351268
26609;00180851;3601.0;27381224454
82477;00269357;10604.0;26965198462
79945;00168470;3033.0;26904042939
65270;00268022;15262.0;26650180448
61350;00135976;1453.0;26643968396
36031;00185604;14854.0;26552361569
41726;00239882;9806.0;26500115621
79271;00180761;3610.0;26500115621
99405;00189259;7651.0;26428687493
67261;00182900;1324.0;26428687493
2169;00113064;4551.0;26321933667
98763;00112241;-1423.0;26197920045
99720;00259184;13332.0;26101668873
44160;00165558;7010.0;26101668873
17432;00239144;4423.0;26054170019
44680;00280848;-2003.0;25926307819
87779;00212024;7095.0;25811930051
77088;00178132;10366.0;25418652111
69598;00265943;12014.0;25258405470
22739;00147824;15966.0;25166996893
94577;00167251;690.0;25148846200
27043;00151168;14935.0;25076643410
96668;00106340;4402.0;25075509985
64650;00184308;5279.0;25043698441
13178;00133065;11199.0;25043698441
11246;00277343;15709.0;25026683684
35650;00181150;297.0;24987432629
24087;00244439;9269.0;24825077730
91794;00136700;4449.0;24778418225
39359;00188337;6666.0;24716047736
13586;00152932;5495.0;24716047736
44016;00162957;3391.0;24519158417
80517;00152850;4075.0;24147715710
44978;00156340;7518.0;24142579785
49137;00268922;12649.0;23899693076
10550;00160200;13981.0;23817163071
26994;00254797;5773.0;23793941576
16721;00104457;11521.0;23774323607
98651;00178999;6187.0;23695222605
34789;00123576;15158.0;23572184778
17303;00263240;13926.0;23430315963
64893;00217477;5149.0;23290837165
84694;00165623;16637.0;23276238401
82367;00149644;814.0;23269576754
25828;00271671;5442.0;23211439619
11239;00219770;15699.0;23038157872
23110;00158084;16896.0;22961779279
99738;00233860;1035.0;22945252839
50338;00285006;5323.0;22836733984
29688;00295069;10303.0;22820686499
89810;00150068;8465.0;22747897908
65729;00102492;14225.0;22747897908
91306;00115148;11658.0;22579054864
15318;00154355;5657.0;22468203837
28284;00258683;-2034.0;22442701090
71933;00127843;-731.0;22442701090
53774;00295416;2772.0;22390000866
74231;00125865;14923.0;22319618994
86955;00163333;4941.0;22206887661
31162;00232085;16332.0;21909953572
51051;00147861;13434.0;21885805464
68576;00131882;5500.0;21781186263
6407;00157689;2238.0;21408320493
58979;00104036;9465.0;21408320493
18828;00124944;10599.0;21355444758
39775;00268283;-2843.0;21350912333
23492;00100957;4151.0;21350912333
94430;00223840;8901.0;21131479655
34762;00223205;1733.0;20984092208
3420;00245056;-1634.0;20887934452
16031;00182362;11304.0;20887934452
17177;00284852;-1404.0;20859076010
14577;00208417;15246.0;20567565522
4310;00136883;15150.0;20350872349
7597;00298505;1413.0;20226395752
45544;00181125;3323.0;20226395752
47088;00187510;15733.0;20160752627
60504;00188223;14744.0;20159296197
4457;00292663;3597.0;19814248806
80517;00107454;-2650.0;19794733194
50869;00188200;11601.0;19659893773
2139;00129255;14318.0;19507694391
1523;00299168;15341.0;19407849417
53404;00167624;16343.0;19407849417
53368;00172568;8137.0;19051961003
16922;00233923;15456.0;19024803194
67258;00196518;16909.0;18988087430
62496;00102296;14241.0;18975511003
64524;00115076;215.0;18965084001
12815;00265576;12004.0;18915204629
39046;00292523;3418.0;18903495419
97685;00266800;14183.0;18903495419
12492;00122874;5037.0;18784196746
52402;00255776;16423.0;18529309925
31691;00156768;5783.0;18501812565
47691;00130076;11744.0;18486946424
18403;00276443;16650.0;18460243151
89908;00156882;6459.0;18130276424
76847;00266027;811.0;18074721766
17839;00149667;12383.0;18074261530
87895;00102482;10868.0;18048752270
76358;00166946;9785.0;18023025669
6694;00221474;16198.0;17856689696
52350;00207658;-2919.0;17856689696
68945;00189006;9547.0;17835561874
83922;00253942;4243.0;17773338331
587;00133538;12357.0;17413414650
46951;00169888;7143.0;17332522493
42490;00229546;14601.0;17158486256
34411;00225629;9682.0;17085440239
80597;00159645;4214.0;17085440239
69482;00129552;14932.0;16626987268
45847;00204131;4811.0;16374806371
11467;00226990;4297.0;16189134669
60797;00253882;6052.0;16178032007
36710;00132439;-2027.0;16054305753
35637;00283456;10352.0;15849788118
89666;00163822;10762.0;15849788118
91517;00104126;7676.0;15836864737
78296;00195631;1864.0;15806852443
29926;00146214;9414.0;15758467626
13491;00161781;15105.0;15429959280
39272;00197316;3044.0;15396775779
17224;00280537;15637.0;15338102755
19534;00239903;13185.0;15338102755
77625;00129185;1577.0;15165339436
5802;00148725;3327.0;15121312033
764;00148164;2657.0;14992943803
12157;00141534;6026.0;14916014764
20165;00160232;14334.0;14789286569
32414;00216512;-364.0;14155684759
18440;00182939;6910.0;14155684759
99813;00117645;7590.0;14108739574
85850;00197523;6170.0;14015378742
69213;00114654;6994.0;13947358026
76794;00105498;481.0;13785779514
11524;00185745;3566.0;13386003667
82205;00131391;15285.0;13275487469
85422;00296719;16530.0;13160580371
2098;00119568;11206.0;13142523168
29225;00101314;-763.0;13115671731
64252;00137901;3640.0;13052648069
82459;00218008;13966.0;12828257735
31738;00285059;11657.0;12647510206
71547;00148621;234.0;12647510206
41736;00173246;16550.0;12550927547
20005;00162516;2282.0;12527260429
11069;00130239;997.0;12527260429
94251;00157242;8190.0;12492562783
5255;00287058;7398.0;12454960138
56056;00151125;10943.0;12453761482
79097;00111840;4412.0;12405413216
36290;00211275;12123.0;12353241522
98655;00201019;213.0;12077388887
91832;00174866;4171.0;12077388887
72054;00127988;14228.0;12077388887
76760;00110162;6829.0;11842216036
47555;00216914;14299.0;11794193118
13625;00205197;5386.0;11794193118
81243;00141539;6744.0;11794193118
65349;00142379;13664.0;11669969263
22560;00120530;8383.0;11439669502
65551;00148428;10749.0;11407988762
75842;00174480;16776.0;11083934608
68715;00144808;13963.0;10968321886
71046;00266671;5208.0;10731332969
48193;00132957;1990.0;10731332969
94111;00151218;13.0;10288579536
42688;00122100;8789.0;10133898413
55157;00129706;5440.0;09997357902
99096;00177946;-2108.0;09838847415
25216;00169167;15564.0;09408983931
12784;00183557;462.0;09080620047
71439;00278907;7686.0;09009335176
30497;00125407;-2089.0;08967095836
16411;00195937;16835.0;08873890171
30269;00259888;13076.0;08746082862
16673;00180729;-1164.0;08746082862
5996;00178489;11533.0;08687552070
97685;00145766;-1284.0;08687552070
52543;00144289;3316.0;08687552070
64667;00207470;-745.0;08685738239
36448;00135212;13472.0;08668703751
18798;00145755;16450.0;08650457953
88533;00244867;4031.0;08362028565
17706;00129382;12143.0;08362028565
20608;00107278;-2768.0;08154898822
69158;00191287;9026.0;08002287447
81140;00174789;10582.0;07948684548
50537;00131546;6706.0;07946447153
2596;00100368;13533.0;07924005277
61542;00239752;2320.0;07785825162
71061;00191688;3708.0;07653255024
22449;00287774;2439.0;07600863793
10162;00294471;55.0;07443616202
32023;00186385;3614.0;07087823104
97533;00150592;5604.0;06921902101
57567;00109316;11406.0;06844539616
15579;00125387;12638.0;06768567193
82950;00180381;16337.0;06617873110
6662;00148314;11466.0;06544319424
31785;00147840;2685.0;06513000667
7916;00185541;14802.0;06409869709
83956;00210036;7113.0;06360525498
6368;00100186;16713.0;06217507765
65310;00127310;10984.0;06187053501
56277;00184175;7034.0;06174794883
76109;00105100;7345.0;06159340904
29235;00128599;2591.0;05866065424
20907;00245167;1685.0;05794380184
11384;00133866;9682.0;05794380184
53677;00227998;-1366.0;05787331898
96871;00150139;6060.0;05648965278
32340;00293227;3218.0;05595760398
59407;00162683;1623.0;05571719967
46337;00188670;12312.0;05434344760
50054;00173812;7504.0;05409765269
43629;00136100;12869.0;05332675925
41486;00182137;15229.0;05285682562
62494;00114421;10253.0;05272724140
68824;00108191;14144.0;05272724140
59369;00191795;4822.0;05006018347
44138;00161447;3355.0;04978225568
97812;00156774;8260.0;04953570790
84115;00215512;11014.0;04943921764
18523;00225276;13160.0;04554314864
97560;00125619;856.0;04483570247
96367;00166835;3629.0;03711538280
72073;00291217;12505.0;03667238979
10111;00157710;16332.0;03620885555
73081;00123814;-1477.0;03500215412
15183;00173268;3223.0;03454289439
23709;00111095;2895.0;03233002227
9512;00183138;-1111.0;02931868222
31519;00269961;1667.0;02863816167
45858;00166676;5276.0;02863816167
76088;00168384;16723.0;02830959951
25638;00275159;-198.0;02528791464
1847;00146108;14075.0;02528340161
51919;00125294;1348.0;02496002870
51459;00188885;14300.0;02261920600
10057;00113671;3531.0;02228714516
56759;00263392;1601.0;02211772627
32250;00181769;14882.0;02170810638
94719;00232392;3410.0;02093291444
2312;00137147;1842.0;02093291444
15007;00136187;5499.0;02093291444
32745;00261917;6435.0;02030572680
64300;00171476;9905.0;01920604949
60748;00113830;-70.0;01920604949
28055;00186190;10517.0;01684961893
36089;00152698;-145.0;01673429559
57222;00178788;-2380.0;01407347022
85915;00159190;13621.0;01403364112
12626;00249023;10427.0;01394271055
43925;00232267;13122.0;01292275345
36650;00177254;9730.0;01144632296
29209;00111082;12196.0;01058969054
22387;00239747;10405.0;00980138389
41046;00163790;12846.0;00980138389
81244;00119827;8616.0;00972265350
15196;00241768;7099.0;00935340354
17837;00263991;2833.0;00810531201
2440;00197609;10574.0;00338045321
88320;00298394;-1239.0;00095212614
