30510533036
98913596127
04604756585
11798428141
18103876470
58666636978
77685236802
23205437649
87635810205
30452386386
03889371792
55591379410
97141323886
62014671881
74721608255
57872650471
72435184119
13494817705
00059444729
33930882181
49033466964
14530849334
85585934157
18136547556
42171726462
46474671088
09835627828
56636836571
98849621435
13964203633
49538081261
30993952434
98241314993
23928499803
74593002147
25097081054
93367443736
11792029967
17413414650
12077844059
38737847229
20284662294
61940321290
76214787084
25026683684
89196932262
73105421545
46880770190
39526601231
36854765663
60743975350
78496224354
90495482136
02931868222
51735492682
81682107385
29956329373
04470784575
42520399045
84984423145
83102267544
08746082862
98219571610
77604790848
08501590949
81663273578
79776594838
08154898822
11282949383
89851141253
36353390255
09009335176
11488652879
88921401720
33374856304
28592556285
02612909141
52910790446
24990421360
30990969339
27747658560
07495234314
78136873628
44531387798
87831777002
12454960138
30990969339
64340292998
07345768318
93712767867
02268905645
19176851301
62064653220
87211079682
40475416881
12353241522
22820686499
47490931176
64340292998
65283958600
50777834353
76479073417
78922487103
25148846200
60197041418
42210165412
36744549882
59669139457
68131095182
41154082065
36126783994
31959368493
41851738912
21708830429
62040872070
71095400983
64649023026
45234445251
19548572579
25258405470
64023534754
02863816167
82807219542
11842216036
90982967787
08277470203
72043082307
58415263611
42844456317
42222800710
75564524282
08962587972
93593165779
01920604949
65107595058
89851141253
09566072321
24007233543
91802945965
72806103887
32008038151
31049268108
44821247370
32008038151
84749740042
25187294759
94686526427
52114882194
98431836905
63724207606
71217698093
45840036971
53490295906
32670168869
57882278311
45905705907
39489648946
40677530333
39137107882
92613826475
97570433270
11407988762
33414987873
95967441171
83102267544
42068184374
44361921865
37914444796
15849788118
11098009351
19296538680
95337797574
45185279937
17870927453
57909348895
87232161215
94245020040
17309681051
08650457953
43606928933
15479630106
78282304067
49721818245
89170710399
24826023764
92104660054
57009580099
14788468129
84082536739
94500940972
08888244055
23503901071
55059657978
39019481503
72995703796
26908969508
08389323055
61278997956
47637096892
77301476204
53507916021
99992667487
87398750577
03711538280
95867170230
97193059204
78042497849
82291816657
73233752488
79796545436
90095652029
47122758042
83005030858
72004389903
87815186244
06443870922
01663697244
43464206606
93415643053
51587022017
26054170019
47374780532
35490521195
23290837165
92596839181
15849788118
09818731213
01834114128
12647510206
43182779575
86571316517
62610210200
70503474271
79209078533
62578780074
02830959951
08118100659
86402545980
35220990255
92061816344
44424131594
75211337563
36347271062
68658155283
86289542867
24813342712
24494882483
67762106042
27248267532
68163773330
67614178588
72264080634
93997387878
32633640524
52982655772
12353241522
98913596127
39813810071
52118709205
18988087430
01484529994
37761319232
69888988011
57523143173
09688037722
31369564946
76190044202
00178134560
65333749736
81917965208
65246678706
39634711965
97460263198
40218643940
28054751790
35290985281
67288053539
12984019135
67923877197
44111699521
72702233198
90659245050
04678411482
55834676922
33374856304
92380393876
59522598395
13557144066
25043698441
44126362771
71516035514
67024795423
71422354859
37973542860
26428687493
50987303006
59947230331
82055363464
44845677221
81548922110
37745071583
48621808780
49309525329
98109227382
72589061704
36004126327
87232161215
79875833839
27721795390
55473812191
23312912796
15849788118
97764888033
73060314944
49492210685
42787581383
41255462323
78493931683
49997410654
45893777709
69215804767
21408320493
29319847534
32008038151
85225680901
95244012818
77094791640
04724758573
88703490973
62746205880
14532952366
64011277848
07924005277
61092189662
80907226121
05595760398
96518995413
30247408002
63184085466
08746082862
97017065097
65333749736
77163503688
40815169817
28872904007
18074261530
01027189876
08149544004
26004120926
42117408648
88921401720
95337797574
72702233198
90064363611
98219571610
31376738381
65028661384
74493705861
81997285408
67087151547
33160025697
75719943586
49538081261
53598521487
81690383443
46244786040
87398750577
33686990193
22442701090
81399462214
52627320313
50461764988
84893033578
02415640499
75172337930
44829006613
67742648813
64159989013
40803089569
85748660715
30072648160
65746149912
11685714529
71552308606
18500895975
26270136012
67412938708
00253525514
77676371538
82526966754
14108739574
26643968396
86420061745
40151622039
14209608340
13940850218
04426290050
84023469384
82225859708
33160025697
